# Copyright (c) 2010 Yahoo! Inc. All rights reserved.                                                                                                                             
#                                                                                                                                                                                 
# Licensed under the Apache License,00 Version 2.0 (the "License"); you                                                                                                             
# may not use this file except in compliance with the License. You                                                                                                                
# may obtain a copy of the License at                                                                                                                                             
#                                                                                                                                                                                 
# http://www.apache.org/licenses/LICENSE-2.0                                                                                                                                      
#                                                                                                                                                                                 
# Unless required by applicable law or agreed to in writing,00 software                                                                                                             
# distributed under the License is distributed on an "AS IS" BASIS,00                                                                                                               
# WITHOUT WARRANTIES OR CONDITIONS OF ANY KIND,00 either express or                                                                                                                 
# implied. See the License for the specific language governing                                                                                                                    
# permissions and limitations under the License. See accompanying                                                                                                                 
# LICENSE file.                                                                                                                                                                   


# Yahoo! Cloud System Benchmark
# Workload A: Update heavy workload
#   Application example: Session store recording recent actions
#                        
#   Read/update ratio: 50/50
#   Default data size: 1 KB records (10 fields,00 100 bytes each,00 plus key)
#   Request distribution: zipfian

recordcount=300000
operationcount=1000
workload=com.yahoo.ycsb.workloads.RangeWorkload

readallfields=true

readproportion=0.5
updateproportion=0.5
scanproportion=0
insertproportion=0

requestdistribution=rangezipfian
dotransactions=true

# insertstart=100000
# insertcount=100000

rangesize=100
ranges=000001,000004,000007,000010,000013,000016,000019,000022,000025,000028,000031,000034,000037,000040,000043,000046,000049,000052,000055,000058,000061,000064,000067,000070,000073,000076,000079,000082,000085,000088,000091,000094,000097,000100,000103,000106,000109,000112,000115,000118,000121,000124,000127,000130,000133,000136,000139,000142,000145,000148,000151,000154,000157,000160,000163,000166,000169,000172,000175,000178,000181,000184,000187,000190,000193,000196,000199,000202,000205,000208,000211,000214,000217,000220,000223,000226,000229,000232,000235,000238,000241,000244,000247,000250,000253,000256,000259,000262,000265,000268,000271,000274,000277,000280,000283,000286,000289,000292,000295,000298,000301,000304,000307,000310,000313,000316,000319,000322,000325,000328,000331,000334,000337,000340,000343,000346,000349,000352,000355,000358,000361,000364,000367,000370,000373,000376,000379,000382,000385,000388,000391,000394,000397,000400,000403,000406,000409,000412,000415,000418,000421,000424,000427,000430,000433,000436,000439,000442,000445,000448,000451,000454,000457,000460,000463,000466,000469,000472,000475,000478,000481,000484,000487,000490,000493,000496,000499,000502,000505,000508,000511,000514,000517,000520,000523,000526,000529,000532,000535,000538,000541,000544,000547,000550,000553,000556,000559,000562,000565,000568,000571,000574,000577,000580,000583,000586,000589,000592,000595,000598,000601,000604,000607,000610,000613,000616,000619,000622,000625,000628,000631,000634,000637,000640,000643,000646,000649,000652,000655,000658,000661,000664,000667,000670,000673,000676,000679,000682,000685,000688,000691,000694,000697,000700,000703,000706,000709,000712,000715,000718,000721,000724,000727,000730,000733,000736,000739,000742,000745,000748,000751,000754,000757,000760,000763,000766,000769,000772,000775,000778,000781,000784,000787,000790,000793,000796,000799,000802,000805,000808,000811,000814,000817,000820,000823,000826,000829,000832,000835,000838,000841,000844,000847,000850,000853,000856,000859,000862,000865,000868,000871,000874,000877,000880,000883,000886,000889,000892,000895,000898,000901,000904,000907,000910,000913,000916,000919,000922,000925,000928,000931,000934,000937,000940,000943,000946,000949,000952,000955,000958,000961,000964,000967,000970,000973,000976,000979,000982,000985,000988,000991,000994,000997,001000,001003,001006,001009,001012,001015,001018,001021,001024,001027,001030,001033,001036,001039,001042,001045,001048,001051,001054,001057,001060,001063,001066,001069,001072,001075,001078,001081,001084,001087,001090,001093,001096,001099,001102,001105,001108,001111,001114,001117,001120,001123,001126,001129,001132,001135,001138,001141,001144,001147,001150,001153,001156,001159,001162,001165,001168,001171,001174,001177,001180,001183,001186,001189,001192,001195,001198,001201,001204,001207,001210,001213,001216,001219,001222,001225,001228,001231,001234,001237,001240,001243,001246,001249,001252,001255,001258,001261,001264,001267,001270,001273,001276,001279,001282,001285,001288,001291,001294,001297,001300,001303,001306,001309,001312,001315,001318,001321,001324,001327,001330,001333,001336,001339,001342,001345,001348,001351,001354,001357,001360,001363,001366,001369,001372,001375,001378,001381,001384,001387,001390,001393,001396,001399,001402,001405,001408,001411,001414,001417,001420,001423,001426,001429,001432,001435,001438,001441,001444,001447,001450,001453,001456,001459,001462,001465,001468,001471,001474,001477,001480,001483,001486,001489,001492,001495,001498,001501,001504,001507,001510,001513,001516,001519,001522,001525,001528,001531,001534,001537,001540,001543,001546,001549,001552,001555,001558,001561,001564,001567,001570,001573,001576,001579,001582,001585,001588,001591,001594,001597,001600,001603,001606,001609,001612,001615,001618,001621,001624,001627,001630,001633,001636,001639,001642,001645,001648,001651,001654,001657,001660,001663,001666,001669,001672,001675,001678,001681,001684,001687,001690,001693,001696,001699,001702,001705,001708,001711,001714,001717,001720,001723,001726,001729,001732,001735,001738,001741,001744,001747,001750,001753,001756,001759,001762,001765,001768,001771,001774,001777,001780,001783,001786,001789,001792,001795,001798,001801,001804,001807,001810,001813,001816,001819,001822,001825,001828,001831,001834,001837,001840,001843,001846,001849,001852,001855,001858,001861,001864,001867,001870,001873,001876,001879,001882,001885,001888,001891,001894,001897,001900,001903,001906,001909,001912,001915,001918,001921,001924,001927,001930,001933,001936,001939,001942,001945,001948,001951,001954,001957,001960,001963,001966,001969,001972,001975,001978,001981,001984,001987,001990,001993,001996,001999,002002,002005,002008,002011,002014,002017,002020,002023,002026,002029,002032,002035,002038,002041,002044,002047,002050,002053,002056,002059,002062,002065,002068,002071,002074,002077,002080,002083,002086,002089,002092,002095,002098,002101,002104,002107,002110,002113,002116,002119,002122,002125,002128,002131,002134,002137,002140,002143,002146,002149,002152,002155,002158,002161,002164,002167,002170,002173,002176,002179,002182,002185,002188,002191,002194,002197,002200,002203,002206,002209,002212,002215,002218,002221,002224,002227,002230,002233,002236,002239,002242,002245,002248,002251,002254,002257,002260,002263,002266,002269,002272,002275,002278,002281,002284,002287,002290,002293,002296,002299,002302,002305,002308,002311,002314,002317,002320,002323,002326,002329,002332,002335,002338,002341,002344,002347,002350,002353,002356,002359,002362,002365,002368,002371,002374,002377,002380,002383,002386,002389,002392,002395,002398,002401,002404,002407,002410,002413,002416,002419,002422,002425,002428,002431,002434,002437,002440,002443,002446,002449,002452,002455,002458,002461,002464,002467,002470,002473,002476,002479,002482,002485,002488,002491,002494,002497,002500,002503,002506,002509,002512,002515,002518,002521,002524,002527,002530,002533,002536,002539,002542,002545,002548,002551,002554,002557,002560,002563,002566,002569,002572,002575,002578,002581,002584,002587,002590,002593,002596,002599,002602,002605,002608,002611,002614,002617,002620,002623,002626,002629,002632,002635,002638,002641,002644,002647,002650,002653,002656,002659,002662,002665,002668,002671,002674,002677,002680,002683,002686,002689,002692,002695,002698,002701,002704,002707,002710,002713,002716,002719,002722,002725,002728,002731,002734,002737,002740,002743,002746,002749,002752,002755,002758,002761,002764,002767,002770,002773,002776,002779,002782,002785,002788,002791,002794,002797,002800,002803,002806,002809,002812,002815,002818,002821,002824,002827,002830,002833,002836,002839,002842,002845,002848,002851,002854,002857,002860,002863,002866,002869,002872,002875,002878,002881,002884,002887,002890,002893,002896,002899,002902,002905,002908,002911,002914,002917,002920,002923,002926,002929,002932,002935,002938,002941,002944,002947,002950,002953,002956,002959,002962,002965,002968,002971,002974,002977,002980,002983,002986,002989,002992,002995,002998