# Copyright (c) 2010 Yahoo! Inc. All rights reserved.                                                                                                                             
#                                                                                                                                                                                 
# Licensed under the Apache License,00 Version 2.0 (the "License"); you                                                                                                             
# may not use this file except in compliance with the License. You                                                                                                                
# may obtain a copy of the License at                                                                                                                                             
#                                                                                                                                                                                 
# http://www.apache.org/licenses/LICENSE-2.0                                                                                                                                      
#                                                                                                                                                                                 
# Unless required by applicable law or agreed to in writing,00 software                                                                                                             
# distributed under the License is distributed on an "AS IS" BASIS,00                                                                                                               
# WITHOUT WARRANTIES OR CONDITIONS OF ANY KIND,00 either express or                                                                                                                 
# implied. See the License for the specific language governing                                                                                                                    
# permissions and limitations under the License. See accompanying                                                                                                                 
# LICENSE file.                                                                                                                                                                   


# Yahoo! Cloud System Benchmark
# Workload A: Update heavy workload
#   Application example: Session store recording recent actions
#                        
#   Read/update ratio: 50/50
#   Default data size: 1 KB records (10 fields,00 100 bytes each,00 plus key)
#   Request distribution: zipfian

recordcount=300000
operationcount=1000
workload=com.yahoo.ycsb.workloads.RangeWorkload

readallfields=true

readproportion=0.5
updateproportion=0.5
scanproportion=0
insertproportion=0

requestdistribution=rangezipfian
dotransactions=true

# insertstart=200000
# insertcount=100000

rangesize=100
ranges=000002,000005,000008,000011,000014,000017,000020,000023,000026,000029,000032,000035,000038,000041,000044,000047,000050,000053,000056,000059,000062,000065,000068,000071,000074,000077,000080,000083,000086,000089,000092,000095,000098,000101,000104,000107,000110,000113,000116,000119,000122,000125,000128,000131,000134,000137,000140,000143,000146,000149,000152,000155,000158,000161,000164,000167,000170,000173,000176,000179,000182,000185,000188,000191,000194,000197,000200,000203,000206,000209,000212,000215,000218,000221,000224,000227,000230,000233,000236,000239,000242,000245,000248,000251,000254,000257,000260,000263,000266,000269,000272,000275,000278,000281,000284,000287,000290,000293,000296,000299,000302,000305,000308,000311,000314,000317,000320,000323,000326,000329,000332,000335,000338,000341,000344,000347,000350,000353,000356,000359,000362,000365,000368,000371,000374,000377,000380,000383,000386,000389,000392,000395,000398,000401,000404,000407,000410,000413,000416,000419,000422,000425,000428,000431,000434,000437,000440,000443,000446,000449,000452,000455,000458,000461,000464,000467,000470,000473,000476,000479,000482,000485,000488,000491,000494,000497,000500,000503,000506,000509,000512,000515,000518,000521,000524,000527,000530,000533,000536,000539,000542,000545,000548,000551,000554,000557,000560,000563,000566,000569,000572,000575,000578,000581,000584,000587,000590,000593,000596,000599,000602,000605,000608,000611,000614,000617,000620,000623,000626,000629,000632,000635,000638,000641,000644,000647,000650,000653,000656,000659,000662,000665,000668,000671,000674,000677,000680,000683,000686,000689,000692,000695,000698,000701,000704,000707,000710,000713,000716,000719,000722,000725,000728,000731,000734,000737,000740,000743,000746,000749,000752,000755,000758,000761,000764,000767,000770,000773,000776,000779,000782,000785,000788,000791,000794,000797,000800,000803,000806,000809,000812,000815,000818,000821,000824,000827,000830,000833,000836,000839,000842,000845,000848,000851,000854,000857,000860,000863,000866,000869,000872,000875,000878,000881,000884,000887,000890,000893,000896,000899,000902,000905,000908,000911,000914,000917,000920,000923,000926,000929,000932,000935,000938,000941,000944,000947,000950,000953,000956,000959,000962,000965,000968,000971,000974,000977,000980,000983,000986,000989,000992,000995,000998,001001,001004,001007,001010,001013,001016,001019,001022,001025,001028,001031,001034,001037,001040,001043,001046,001049,001052,001055,001058,001061,001064,001067,001070,001073,001076,001079,001082,001085,001088,001091,001094,001097,001100,001103,001106,001109,001112,001115,001118,001121,001124,001127,001130,001133,001136,001139,001142,001145,001148,001151,001154,001157,001160,001163,001166,001169,001172,001175,001178,001181,001184,001187,001190,001193,001196,001199,001202,001205,001208,001211,001214,001217,001220,001223,001226,001229,001232,001235,001238,001241,001244,001247,001250,001253,001256,001259,001262,001265,001268,001271,001274,001277,001280,001283,001286,001289,001292,001295,001298,001301,001304,001307,001310,001313,001316,001319,001322,001325,001328,001331,001334,001337,001340,001343,001346,001349,001352,001355,001358,001361,001364,001367,001370,001373,001376,001379,001382,001385,001388,001391,001394,001397,001400,001403,001406,001409,001412,001415,001418,001421,001424,001427,001430,001433,001436,001439,001442,001445,001448,001451,001454,001457,001460,001463,001466,001469,001472,001475,001478,001481,001484,001487,001490,001493,001496,001499,001502,001505,001508,001511,001514,001517,001520,001523,001526,001529,001532,001535,001538,001541,001544,001547,001550,001553,001556,001559,001562,001565,001568,001571,001574,001577,001580,001583,001586,001589,001592,001595,001598,001601,001604,001607,001610,001613,001616,001619,001622,001625,001628,001631,001634,001637,001640,001643,001646,001649,001652,001655,001658,001661,001664,001667,001670,001673,001676,001679,001682,001685,001688,001691,001694,001697,001700,001703,001706,001709,001712,001715,001718,001721,001724,001727,001730,001733,001736,001739,001742,001745,001748,001751,001754,001757,001760,001763,001766,001769,001772,001775,001778,001781,001784,001787,001790,001793,001796,001799,001802,001805,001808,001811,001814,001817,001820,001823,001826,001829,001832,001835,001838,001841,001844,001847,001850,001853,001856,001859,001862,001865,001868,001871,001874,001877,001880,001883,001886,001889,001892,001895,001898,001901,001904,001907,001910,001913,001916,001919,001922,001925,001928,001931,001934,001937,001940,001943,001946,001949,001952,001955,001958,001961,001964,001967,001970,001973,001976,001979,001982,001985,001988,001991,001994,001997,002000,002003,002006,002009,002012,002015,002018,002021,002024,002027,002030,002033,002036,002039,002042,002045,002048,002051,002054,002057,002060,002063,002066,002069,002072,002075,002078,002081,002084,002087,002090,002093,002096,002099,002102,002105,002108,002111,002114,002117,002120,002123,002126,002129,002132,002135,002138,002141,002144,002147,002150,002153,002156,002159,002162,002165,002168,002171,002174,002177,002180,002183,002186,002189,002192,002195,002198,002201,002204,002207,002210,002213,002216,002219,002222,002225,002228,002231,002234,002237,002240,002243,002246,002249,002252,002255,002258,002261,002264,002267,002270,002273,002276,002279,002282,002285,002288,002291,002294,002297,002300,002303,002306,002309,002312,002315,002318,002321,002324,002327,002330,002333,002336,002339,002342,002345,002348,002351,002354,002357,002360,002363,002366,002369,002372,002375,002378,002381,002384,002387,002390,002393,002396,002399,002402,002405,002408,002411,002414,002417,002420,002423,002426,002429,002432,002435,002438,002441,002444,002447,002450,002453,002456,002459,002462,002465,002468,002471,002474,002477,002480,002483,002486,002489,002492,002495,002498,002501,002504,002507,002510,002513,002516,002519,002522,002525,002528,002531,002534,002537,002540,002543,002546,002549,002552,002555,002558,002561,002564,002567,002570,002573,002576,002579,002582,002585,002588,002591,002594,002597,002600,002603,002606,002609,002612,002615,002618,002621,002624,002627,002630,002633,002636,002639,002642,002645,002648,002651,002654,002657,002660,002663,002666,002669,002672,002675,002678,002681,002684,002687,002690,002693,002696,002699,002702,002705,002708,002711,002714,002717,002720,002723,002726,002729,002732,002735,002738,002741,002744,002747,002750,002753,002756,002759,002762,002765,002768,002771,002774,002777,002780,002783,002786,002789,002792,002795,002798,002801,002804,002807,002810,002813,002816,002819,002822,002825,002828,002831,002834,002837,002840,002843,002846,002849,002852,002855,002858,002861,002864,002867,002870,002873,002876,002879,002882,002885,002888,002891,002894,002897,002900,002903,002906,002909,002912,002915,002918,002921,002924,002927,002930,002933,002936,002939,002942,002945,002948,002951,002954,002957,002960,002963,002966,002969,002972,002975,002978,002981,002984,002987,002990,002993,002996,002999