# Copyright (c) 2010 Yahoo! Inc. All rights reserved.                                                                                                                             
#                                                                                                                                                                                 
# Licensed under the Apache License,00 Version 2.0 (the "License"); you                                                                                                             
# may not use this file except in compliance with the License. You                                                                                                                
# may obtain a copy of the License at                                                                                                                                             
#                                                                                                                                                                                 
# http://www.apache.org/licenses/LICENSE-2.0                                                                                                                                      
#                                                                                                                                                                                 
# Unless required by applicable law or agreed to in writing,00 software                                                                                                             
# distributed under the License is distributed on an "AS IS" BASIS,00                                                                                                               
# WITHOUT WARRANTIES OR CONDITIONS OF ANY KIND,00 either express or                                                                                                                 
# implied. See the License for the specific language governing                                                                                                                    
# permissions and limitations under the License. See accompanying                                                                                                                 
# LICENSE file.                                                                                                                                                                   


# Yahoo! Cloud System Benchmark
# Workload A: Update heavy workload
#   Application example: Session store recording recent actions
#                        
#   Read/update ratio: 50/50
#   Default data size: 1 KB records (10 fields,00 100 bytes each,00 plus key)
#   Request distribution: zipfian

recordcount=300000
operationcount=1000
workload=com.yahoo.ycsb.workloads.RangeWorkload

readallfields=true

readproportion=0.5
updateproportion=0.5
scanproportion=0
insertproportion=0

requestdistribution=rangezipfian
dotransactions=true

# insertstart=0
# insertcount=100000

rangesize=100
ranges=000000,000003,000006,000009,000012,000015,000018,000021,000024,000027,000030,000033,000036,000039,000042,000045,000048,000051,000054,000057,000060,000063,000066,000069,000072,000075,000078,000081,000084,000087,000090,000093,000096,000099,000102,000105,000108,000111,000114,000117,000120,000123,000126,000129,000132,000135,000138,000141,000144,000147,000150,000153,000156,000159,000162,000165,000168,000171,000174,000177,000180,000183,000186,000189,000192,000195,000198,000201,000204,000207,000210,000213,000216,000219,000222,000225,000228,000231,000234,000237,000240,000243,000246,000249,000252,000255,000258,000261,000264,000267,000270,000273,000276,000279,000282,000285,000288,000291,000294,000297,000300,000303,000306,000309,000312,000315,000318,000321,000324,000327,000330,000333,000336,000339,000342,000345,000348,000351,000354,000357,000360,000363,000366,000369,000372,000375,000378,000381,000384,000387,000390,000393,000396,000399,000402,000405,000408,000411,000414,000417,000420,000423,000426,000429,000432,000435,000438,000441,000444,000447,000450,000453,000456,000459,000462,000465,000468,000471,000474,000477,000480,000483,000486,000489,000492,000495,000498,000501,000504,000507,000510,000513,000516,000519,000522,000525,000528,000531,000534,000537,000540,000543,000546,000549,000552,000555,000558,000561,000564,000567,000570,000573,000576,000579,000582,000585,000588,000591,000594,000597,000600,000603,000606,000609,000612,000615,000618,000621,000624,000627,000630,000633,000636,000639,000642,000645,000648,000651,000654,000657,000660,000663,000666,000669,000672,000675,000678,000681,000684,000687,000690,000693,000696,000699,000702,000705,000708,000711,000714,000717,000720,000723,000726,000729,000732,000735,000738,000741,000744,000747,000750,000753,000756,000759,000762,000765,000768,000771,000774,000777,000780,000783,000786,000789,000792,000795,000798,000801,000804,000807,000810,000813,000816,000819,000822,000825,000828,000831,000834,000837,000840,000843,000846,000849,000852,000855,000858,000861,000864,000867,000870,000873,000876,000879,000882,000885,000888,000891,000894,000897,000900,000903,000906,000909,000912,000915,000918,000921,000924,000927,000930,000933,000936,000939,000942,000945,000948,000951,000954,000957,000960,000963,000966,000969,000972,000975,000978,000981,000984,000987,000990,000993,000996,000999,001002,001005,001008,001011,001014,001017,001020,001023,001026,001029,001032,001035,001038,001041,001044,001047,001050,001053,001056,001059,001062,001065,001068,001071,001074,001077,001080,001083,001086,001089,001092,001095,001098,001101,001104,001107,001110,001113,001116,001119,001122,001125,001128,001131,001134,001137,001140,001143,001146,001149,001152,001155,001158,001161,001164,001167,001170,001173,001176,001179,001182,001185,001188,001191,001194,001197,001200,001203,001206,001209,001212,001215,001218,001221,001224,001227,001230,001233,001236,001239,001242,001245,001248,001251,001254,001257,001260,001263,001266,001269,001272,001275,001278,001281,001284,001287,001290,001293,001296,001299,001302,001305,001308,001311,001314,001317,001320,001323,001326,001329,001332,001335,001338,001341,001344,001347,001350,001353,001356,001359,001362,001365,001368,001371,001374,001377,001380,001383,001386,001389,001392,001395,001398,001401,001404,001407,001410,001413,001416,001419,001422,001425,001428,001431,001434,001437,001440,001443,001446,001449,001452,001455,001458,001461,001464,001467,001470,001473,001476,001479,001482,001485,001488,001491,001494,001497,001500,001503,001506,001509,001512,001515,001518,001521,001524,001527,001530,001533,001536,001539,001542,001545,001548,001551,001554,001557,001560,001563,001566,001569,001572,001575,001578,001581,001584,001587,001590,001593,001596,001599,001602,001605,001608,001611,001614,001617,001620,001623,001626,001629,001632,001635,001638,001641,001644,001647,001650,001653,001656,001659,001662,001665,001668,001671,001674,001677,001680,001683,001686,001689,001692,001695,001698,001701,001704,001707,001710,001713,001716,001719,001722,001725,001728,001731,001734,001737,001740,001743,001746,001749,001752,001755,001758,001761,001764,001767,001770,001773,001776,001779,001782,001785,001788,001791,001794,001797,001800,001803,001806,001809,001812,001815,001818,001821,001824,001827,001830,001833,001836,001839,001842,001845,001848,001851,001854,001857,001860,001863,001866,001869,001872,001875,001878,001881,001884,001887,001890,001893,001896,001899,001902,001905,001908,001911,001914,001917,001920,001923,001926,001929,001932,001935,001938,001941,001944,001947,001950,001953,001956,001959,001962,001965,001968,001971,001974,001977,001980,001983,001986,001989,001992,001995,001998,002001,002004,002007,002010,002013,002016,002019,002022,002025,002028,002031,002034,002037,002040,002043,002046,002049,002052,002055,002058,002061,002064,002067,002070,002073,002076,002079,002082,002085,002088,002091,002094,002097,002100,002103,002106,002109,002112,002115,002118,002121,002124,002127,002130,002133,002136,002139,002142,002145,002148,002151,002154,002157,002160,002163,002166,002169,002172,002175,002178,002181,002184,002187,002190,002193,002196,002199,002202,002205,002208,002211,002214,002217,002220,002223,002226,002229,002232,002235,002238,002241,002244,002247,002250,002253,002256,002259,002262,002265,002268,002271,002274,002277,002280,002283,002286,002289,002292,002295,002298,002301,002304,002307,002310,002313,002316,002319,002322,002325,002328,002331,002334,002337,002340,002343,002346,002349,002352,002355,002358,002361,002364,002367,002370,002373,002376,002379,002382,002385,002388,002391,002394,002397,002400,002403,002406,002409,002412,002415,002418,002421,002424,002427,002430,002433,002436,002439,002442,002445,002448,002451,002454,002457,002460,002463,002466,002469,002472,002475,002478,002481,002484,002487,002490,002493,002496,002499,002502,002505,002508,002511,002514,002517,002520,002523,002526,002529,002532,002535,002538,002541,002544,002547,002550,002553,002556,002559,002562,002565,002568,002571,002574,002577,002580,002583,002586,002589,002592,002595,002598,002601,002604,002607,002610,002613,002616,002619,002622,002625,002628,002631,002634,002637,002640,002643,002646,002649,002652,002655,002658,002661,002664,002667,002670,002673,002676,002679,002682,002685,002688,002691,002694,002697,002700,002703,002706,002709,002712,002715,002718,002721,002724,002727,002730,002733,002736,002739,002742,002745,002748,002751,002754,002757,002760,002763,002766,002769,002772,002775,002778,002781,002784,002787,002790,002793,002796,002799,002802,002805,002808,002811,002814,002817,002820,002823,002826,002829,002832,002835,002838,002841,002844,002847,002850,002853,002856,002859,002862,002865,002868,002871,002874,002877,002880,002883,002886,002889,002892,002895,002898,002901,002904,002907,002910,002913,002916,002919,002922,002925,002928,002931,002934,002937,002940,002943,002946,002949,002952,002955,002958,002961,002964,002967,002970,002973,002976,002979,002982,002985,002988,002991,002994,002997